# time(fs)   RMSD(Ang)   MSD(Ang^2)
0.000000000000000000e+00 0.000000000000000000e+00 0.000000000000000000e+00
1.000000000000000000e+02 1.383709269789324958e+00 1.914651343300907138e+00
2.000000000000000000e+02 1.819100835242576819e+00 3.309127848780240466e+00
3.000000000000000000e+02 1.967548531104670539e+00 3.871247222252146791e+00
4.000000000000000000e+02 2.026594666826412983e+00 4.107085943609260603e+00
5.000000000000000000e+02 2.077228323975454760e+00 4.314877509925876709e+00
6.000000000000000000e+02 2.111684115102418158e+00 4.459209801975883458e+00
7.000000000000000000e+02 2.145792887359348367e+00 4.604427115441968255e+00
8.000000000000000000e+02 2.123938155642589809e+00 4.511113288994446080e+00
9.000000000000000000e+02 2.139060594761894141e+00 4.575580228063108379e+00
1.000000000000000000e+03 2.166436085699559477e+00 4.693445313421228171e+00
1.100000000000000000e+03 2.204600171793822838e+00 4.860261917473352788e+00
1.200000000000000000e+03 2.268750440729006002e+00 5.147228562308058031e+00
1.300000000000000000e+03 2.341468064988065922e+00 5.482472699358957868e+00
1.400000000000000000e+03 2.357629308673471868e+00 5.558415957116153550e+00
1.500000000000000000e+03 2.353670092202384989e+00 5.539762902927982680e+00
1.600000000000000000e+03 2.373020773913588677e+00 5.631227593425448319e+00
1.700000000000000000e+03 2.386154421471466502e+00 5.693732923107829969e+00
1.800000000000000000e+03 2.412915715416507734e+00 5.822162249703957571e+00
1.900000000000000000e+03 2.476837498637204149e+00 6.134723994655402635e+00
2.000000000000000000e+03 2.488778568219587317e+00 6.194018761629140002e+00
2.100000000000000000e+03 2.498134054898036194e+00 6.240673756241303494e+00
2.200000000000000000e+03 2.558126601825251534e+00 6.544011710966008089e+00
2.300000000000000000e+03 2.583530502847331878e+00 6.674629859142587662e+00
2.400000000000000000e+03 2.620544267770088975e+00 6.867252259342672360e+00
2.500000000000000000e+03 2.668886050138011168e+00 7.122952748621274921e+00
2.600000000000000000e+03 2.734245225525069767e+00 7.476096953306639037e+00
2.700000000000000000e+03 2.745903033266899218e+00 7.539983468104358266e+00
2.800000000000000000e+03 2.719531631391873816e+00 7.395852294140947691e+00
2.900000000000000000e+03 2.715978482482228173e+00 7.376539117306466053e+00
3.000000000000000000e+03 2.723790534216867787e+00 7.419034874289409665e+00
3.100000000000000000e+03 2.684329722835940846e+00 7.205626060900478969e+00
3.200000000000000000e+03 2.668625468509236764e+00 7.121561891176143355e+00
3.300000000000000000e+03 2.700863633883395565e+00 7.294664368833820411e+00
3.400000000000000000e+03 2.702860578084945065e+00 7.305455304565683150e+00
3.500000000000000000e+03 2.656664218525238041e+00 7.057864769992312937e+00
3.600000000000000000e+03 2.634848792442899601e+00 6.942428159037806523e+00
3.700000000000000000e+03 2.612518018021539046e+00 6.825250394487190064e+00
3.800000000000000000e+03 2.637137773307926203e+00 6.954495635407487164e+00
3.900000000000000000e+03 2.645152447654783412e+00 6.996831471334091113e+00
4.000000000000000000e+03 2.684989422322031416e+00 7.209168197981195902e+00
4.100000000000000000e+03 2.804246948888381219e+00 7.863800950349795649e+00
4.200000000000000000e+03 2.883582937640443156e+00 8.315050558251087409e+00
4.300000000000000000e+03 2.914959184878955778e+00 8.496987049510185130e+00
4.400000000000000000e+03 2.870881065536338372e+00 8.241958092455060836e+00
4.500000000000000000e+03 2.870720012025111068e+00 8.241033387441454749e+00
4.600000000000000000e+03 2.938881541326153091e+00 8.637024713947583976e+00
4.700000000000000000e+03 2.957149966087723403e+00 8.744735921932624834e+00
4.800000000000000000e+03 3.013345975958920953e+00 9.080253970827820709e+00
4.900000000000000000e+03 3.069615488446188589e+00 9.422539246908733901e+00
5.000000000000000000e+03 3.085520255903214881e+00 9.520435249589040083e+00
5.100000000000000000e+03 3.090764125800877782e+00 9.552822881337664995e+00
5.200000000000000000e+03 3.146108381411575561e+00 9.897997947588164536e+00
5.300000000000000000e+03 3.142410358131575432e+00 9.874742858892616937e+00
5.400000000000000000e+03 3.158025880966461862e+00 9.973127464853998703e+00
5.500000000000000000e+03 3.188441506424509519e+00 1.016615923989059489e+01
5.600000000000000000e+03 3.150345493542683339e+00 9.924676728684692861e+00
5.700000000000000000e+03 3.159953777939708441e+00 9.985307878715437013e+00
5.800000000000000000e+03 3.160681028665846437e+00 9.989904564968192346e+00
5.900000000000000000e+03 3.112210149900266565e+00 9.685852017142240200e+00
6.000000000000000000e+03 3.119364374417231467e+00 9.730434100383405394e+00
6.100000000000000000e+03 3.135882941978902050e+00 9.833761825794255174e+00
6.200000000000000000e+03 3.172717295483380884e+00 1.006613503705937873e+01
6.300000000000000000e+03 3.214886112409707675e+00 1.033549271576480422e+01
6.400000000000000000e+03 3.209580120140767434e+00 1.030140454760282331e+01
6.500000000000000000e+03 3.258937736280011155e+00 1.062067516894988373e+01
6.600000000000000000e+03 3.320510575406459441e+00 1.102579048138613693e+01
6.700000000000000000e+03 3.341648762354860747e+00 1.116661645094777278e+01
6.800000000000000000e+03 3.260877384879879326e+00 1.063332131922104118e+01
6.900000000000000000e+03 3.194253395869433909e+00 1.020325475702341045e+01
7.000000000000000000e+03 3.134519087239894919e+00 9.825209908271224535e+00
7.100000000000000000e+03 3.143213826492504026e+00 9.879793159053649632e+00
7.200000000000000000e+03 3.123621982711025868e+00 9.757014290875559936e+00
7.300000000000000000e+03 3.155807350295454228e+00 9.959120032178816473e+00
7.400000000000000000e+03 3.170288692309449541e+00 1.005073039258515877e+01
7.500000000000000000e+03 3.129441634206041822e+00 9.793404941902181804e+00
7.600000000000000000e+03 3.141508875172236426e+00 9.869078012785930554e+00
7.700000000000000000e+03 3.156834734313120894e+00 9.965605539765792997e+00
7.800000000000000000e+03 3.137980563490482044e+00 9.846922016844041892e+00
7.900000000000000000e+03 3.100703310693982306e+00 9.614361020948622993e+00
8.000000000000000000e+03 3.076253808510521104e+00 9.463337494375485548e+00
8.100000000000000000e+03 3.078940774077639553e+00 9.479876290277815087e+00
8.200000000000000000e+03 3.065003073941301892e+00 9.394243843269629579e+00
8.300000000000000000e+03 3.032080411052294977e+00 9.193511619087054498e+00
8.400000000000000000e+03 3.095621856522914772e+00 9.582874678582376404e+00
8.500000000000000000e+03 3.121208918740520755e+00 9.741945114425369923e+00
8.600000000000000000e+03 3.135907245536181609e+00 9.833914252606321682e+00
8.700000000000000000e+03 3.116618821277784779e+00 9.713312877142929125e+00
8.800000000000000000e+03 3.198328599937009908e+00 1.022930583317503483e+01
8.900000000000000000e+03 3.150098535701398639e+00 9.923120784628096658e+00
9.000000000000000000e+03 3.072872207894428165e+00 9.442543606049978777e+00
9.100000000000000000e+03 3.044817158557898917e+00 9.270911529048596833e+00
9.200000000000000000e+03 3.056700166236394178e+00 9.343415906269600057e+00
9.300000000000000000e+03 3.115406645142560382e+00 9.705758564598422566e+00
9.400000000000000000e+03 3.072360004764188801e+00 9.439395998874605453e+00
9.500000000000000000e+03 3.074506724523415002e+00 9.452591599139697820e+00
9.600000000000000000e+03 3.073027288525145728e+00 9.443496716020208126e+00
9.700000000000000000e+03 3.083268989889082601e+00 9.506547664011645082e+00
9.800000000000000000e+03 3.100745339961052505e+00 9.614621663290183307e+00
9.900000000000000000e+03 3.160825447872123828e+00 9.990817511916013416e+00
1.000000000000000000e+04 3.149792951545010489e+00 9.921195637602627571e+00
1.010000000000000000e+04 3.228896015014316667e+00 1.042576947577533453e+01
1.020000000000000000e+04 3.207786793669897829e+00 1.028989611364300316e+01
1.030000000000000000e+04 3.246675674157962543e+00 1.054090293316905935e+01
1.040000000000000000e+04 3.215442222168421349e+00 1.033906868410339541e+01
1.050000000000000000e+04 3.211690161446937086e+00 1.031495369313505250e+01
1.060000000000000000e+04 3.211727767904104969e+00 1.031519525512628555e+01
1.070000000000000000e+04 3.181988281597781576e+00 1.012504942422560283e+01
1.080000000000000000e+04 3.209297333206424963e+00 1.029958937292587073e+01
1.090000000000000000e+04 3.150288842982668758e+00 9.924319794221080571e+00
1.100000000000000000e+04 3.168182157661181719e+00 1.003737818412266058e+01
1.110000000000000000e+04 3.213186221143368382e+00 1.032456569174559924e+01
1.120000000000000000e+04 3.244516540697877538e+00 1.052688758286212156e+01
1.130000000000000000e+04 3.235140599443301568e+00 1.046613469816636588e+01
1.140000000000000000e+04 3.270850776798475135e+00 1.069846480408318712e+01
1.150000000000000000e+04 3.261918890382170755e+00 1.064011484743205216e+01
1.160000000000000000e+04 3.300137979273316091e+00 1.089091068224216663e+01
1.170000000000000000e+04 3.232637726453340576e+00 1.044994667048942283e+01
1.180000000000000000e+04 3.241930584274679727e+00 1.051011391325556765e+01
1.190000000000000000e+04 3.294729844194465684e+00 1.085524474622568825e+01
1.200000000000000000e+04 3.344003683677494898e+00 1.118236063644865474e+01
1.210000000000000000e+04 3.341860477464023482e+00 1.116803145083606985e+01
1.220000000000000000e+04 3.378665256221153879e+00 1.141537891359595669e+01
1.230000000000000000e+04 3.381570365313697479e+00 1.143501813556781244e+01
1.240000000000000000e+04 3.363655790795005540e+00 1.131418027894877376e+01
1.250000000000000000e+04 3.418243482082174545e+00 1.168438850279726893e+01
1.260000000000000000e+04 3.403285039008133062e+00 1.158234905673659121e+01
1.270000000000000000e+04 3.465919038436474864e+00 1.201259478099641775e+01
1.280000000000000000e+04 3.534749187668796644e+00 1.249445181972521901e+01
1.290000000000000000e+04 3.594095470120107993e+00 1.291752224833787999e+01
1.300000000000000000e+04 3.656123498335414723e+00 1.336723903508038980e+01
1.310000000000000000e+04 3.755369736157541549e+00 1.410280185524796437e+01
1.320000000000000000e+04 3.734700458088548558e+00 1.394798751164681327e+01
1.330000000000000000e+04 3.691586834010270213e+00 1.362781335303797192e+01
1.340000000000000000e+04 3.604784717611847711e+00 1.299447286032792981e+01
1.350000000000000000e+04 3.670056934618268762e+00 1.346931790333964507e+01
1.360000000000000000e+04 3.723836650956235950e+00 1.386695940300495700e+01
1.370000000000000000e+04 3.748987066431209048e+00 1.405490402426848107e+01
1.380000000000000000e+04 3.758571283338383751e+00 1.412685809193594366e+01
1.390000000000000000e+04 3.794503765483137947e+00 1.439825882626571207e+01
1.400000000000000000e+04 3.799770664186686631e+00 1.443825710041373256e+01
1.410000000000000000e+04 3.837980792062634983e+00 1.473009656024173175e+01
1.420000000000000000e+04 3.854305512201910311e+00 1.485567098139003051e+01
1.430000000000000000e+04 3.865294878789316879e+00 1.494050449999491903e+01
1.440000000000000000e+04 3.827532231314316302e+00 1.465000298174994775e+01
1.450000000000000000e+04 3.776439416911869351e+00 1.426149466960565881e+01
1.460000000000000000e+04 3.786480783969335739e+00 1.433743672736903640e+01
1.470000000000000000e+04 3.780768875366585569e+00 1.429421328894071763e+01
1.480000000000000000e+04 3.818766639203015067e+00 1.458297864468988969e+01
1.490000000000000000e+04 3.803317919076032894e+00 1.446522719356484465e+01
1.500000000000000000e+04 3.732545602164739407e+00 1.393189667223933625e+01
1.510000000000000000e+04 3.710619545443093248e+00 1.376869741102430744e+01
1.520000000000000000e+04 3.729559911873041145e+00 1.390961713625044638e+01
1.530000000000000000e+04 3.762334433557602331e+00 1.415516038993320436e+01
1.540000000000000000e+04 3.788299316153885599e+00 1.435121170877199681e+01
1.550000000000000000e+04 3.795797639584556737e+00 1.440807972067569231e+01
1.560000000000000000e+04 3.805338106378685303e+00 1.448059810385771939e+01
1.570000000000000000e+04 3.810424235372937840e+00 1.451933285351743841e+01
1.580000000000000000e+04 3.814846239090582181e+00 1.455305182790356078e+01
1.590000000000000000e+04 3.815500874484300642e+00 1.455804692319046367e+01
1.600000000000000000e+04 3.803720983397643973e+00 1.446829331953953890e+01
1.610000000000000000e+04 3.837499474335680727e+00 1.472640221552662432e+01
1.620000000000000000e+04 3.847924651590024059e+00 1.480652412431420828e+01
1.630000000000000000e+04 3.848604401375928852e+00 1.481175583829017128e+01
1.640000000000000000e+04 3.856560674053383764e+00 1.487306023265509047e+01
1.650000000000000000e+04 3.882012731762026103e+00 1.507002284956246818e+01
1.660000000000000000e+04 3.885790233118496584e+00 1.509936573579909869e+01
1.670000000000000000e+04 3.888947837613936365e+00 1.512391528368211269e+01
1.680000000000000000e+04 3.893440977622351085e+00 1.515888264622888926e+01
1.690000000000000000e+04 3.890888847160578479e+00 1.513901602095857513e+01
1.700000000000000000e+04 3.878451265090522959e+00 1.504238421568227757e+01
1.710000000000000000e+04 3.853050900532552170e+00 1.484600124209471161e+01
1.720000000000000000e+04 3.877450894877370491e+00 1.503462544218531960e+01
1.730000000000000000e+04 3.915836117856009047e+00 1.533377250190562080e+01
1.740000000000000000e+04 3.887530407304472746e+00 1.511289266771687956e+01
1.750000000000000000e+04 3.864680790400346844e+00 1.493575761168944815e+01
1.760000000000000000e+04 3.800945254044323818e+00 1.444718482424207018e+01
1.770000000000000000e+04 3.740253427440693113e+00 1.398949570148185195e+01
1.780000000000000000e+04 3.758667128693596649e+00 1.412757858432176583e+01
1.790000000000000000e+04 3.829253552155408080e+00 1.466318276669480980e+01
1.800000000000000000e+04 3.877788870742188809e+00 1.503724652605198031e+01
1.810000000000000000e+04 3.917668787489048121e+00 1.534812872846590892e+01
1.820000000000000000e+04 3.919329729304930510e+00 1.536114552701346092e+01
1.830000000000000000e+04 3.947906076504707595e+00 1.558596238890279295e+01
1.840000000000000000e+04 3.972504832052849544e+00 1.578079464068324000e+01
1.850000000000000000e+04 3.993050482705397197e+00 1.594445215743380473e+01
1.860000000000000000e+04 3.946959052308919969e+00 1.557848576060332668e+01
1.870000000000000000e+04 3.941241170650409575e+00 1.553338196522980930e+01
1.880000000000000000e+04 3.961487982957104581e+00 1.569338703911354749e+01
1.890000000000000000e+04 3.904932593683795528e+00 1.524849856121405622e+01
1.900000000000000000e+04 3.933545370317749867e+00 1.547277918034820487e+01
1.910000000000000000e+04 3.896251768106011593e+00 1.518077784046922218e+01
1.920000000000000000e+04 3.882478572999727096e+00 1.507363986980199577e+01
1.930000000000000000e+04 3.879677375316131105e+00 1.505189653653986248e+01
1.940000000000000000e+04 3.890646431753375989e+00 1.513712965691527756e+01
1.950000000000000000e+04 3.892902695421617931e+00 1.515469139602089754e+01
1.960000000000000000e+04 3.874856379041680121e+00 1.501451195819999995e+01
1.970000000000000000e+04 3.906048024543415931e+00 1.525721117003952365e+01
1.980000000000000000e+04 3.931424796267604993e+00 1.545610092870777841e+01
1.990000000000000000e+04 3.956531788584316089e+00 1.565414379407820711e+01
2.000000000000000000e+04 4.023986296844854316e+00 1.619246571719516226e+01
2.010000000000000000e+04 3.979929102280212128e+00 1.583983565917697689e+01
2.020000000000000000e+04 3.991089113039101299e+00 1.592879230821924175e+01
2.030000000000000000e+04 4.092477212988150370e+00 1.674836973882726099e+01
2.040000000000000000e+04 4.140381728844054976e+00 1.714276086054568538e+01
2.050000000000000000e+04 4.118085749570745691e+00 1.695863024081764792e+01
2.060000000000000000e+04 4.083439888945643581e+00 1.667448132663241012e+01
2.070000000000000000e+04 4.043108465981162247e+00 1.634672606768855019e+01
2.080000000000000000e+04 3.964147050630434155e+00 1.571446183902197014e+01
2.090000000000000000e+04 3.932736174056553846e+00 1.546641381473298082e+01
2.100000000000000000e+04 3.860956451747297624e+00 1.490698472228908322e+01
2.110000000000000000e+04 3.899886793862534784e+00 1.520911700494340124e+01
2.120000000000000000e+04 3.899244779387754711e+00 1.520410984958266098e+01
2.130000000000000000e+04 3.949117586399875091e+00 1.559552971121277487e+01
2.140000000000000000e+04 3.970073956363915801e+00 1.576148721899903649e+01
2.150000000000000000e+04 3.918329977292859922e+00 1.535330981095186331e+01
2.160000000000000000e+04 3.905647954975006275e+00 1.525408594820044961e+01
2.170000000000000000e+04 3.973775160651332961e+00 1.579088902740952705e+01
2.180000000000000000e+04 4.030301805732654508e+00 1.624333264529189691e+01
2.190000000000000000e+04 4.054232535755511790e+00 1.643680145397856762e+01
2.200000000000000000e+04 4.102668491120810224e+00 1.683188874803550661e+01
2.210000000000000000e+04 4.167426476277806380e+00 1.736744343518125433e+01
2.220000000000000000e+04 4.190255761606060503e+00 1.755824334767278572e+01
2.230000000000000000e+04 4.202681179925289889e+00 1.766252910009822941e+01
2.240000000000000000e+04 4.205661220020351365e+00 1.768758629758307066e+01
2.250000000000000000e+04 4.166395592125900826e+00 1.735885223008613565e+01
2.260000000000000000e+04 4.154802979072553804e+00 1.726238779491016828e+01
2.270000000000000000e+04 4.210722505352797462e+00 1.773018401708454306e+01
2.280000000000000000e+04 4.247537554548663330e+00 1.804157527730123789e+01
2.290000000000000000e+04 4.254391325653315015e+00 1.809984555179416787e+01
2.300000000000000000e+04 4.245916159482042040e+00 1.802780403335073345e+01
2.310000000000000000e+04 4.236961775450144074e+00 1.795184508662563516e+01
2.320000000000000000e+04 4.172809426718436576e+00 1.741233851171024938e+01
2.330000000000000000e+04 4.231359919157936744e+00 1.790440676545626175e+01
2.340000000000000000e+04 4.314500252352273080e+00 1.861491242754782860e+01
2.350000000000000000e+04 4.310659991970348770e+00 1.858178956637381063e+01
2.360000000000000000e+04 4.294200342510512414e+00 1.844015658161740490e+01
2.370000000000000000e+04 4.264286949180950970e+00 1.818414318495498350e+01
2.380000000000000000e+04 4.285314179622154995e+00 1.836391761807070111e+01
2.390000000000000000e+04 4.326849436061054099e+00 1.872162604234186389e+01
2.400000000000000000e+04 4.332865965098212868e+00 1.877372747150646859e+01
2.410000000000000000e+04 4.352714969185838001e+00 1.894612760297446741e+01
2.420000000000000000e+04 4.367964772192021172e+00 1.907911625111049503e+01
2.430000000000000000e+04 4.405457602989439003e+00 1.940805669173745329e+01
2.440000000000000000e+04 4.397060827883714218e+00 1.933414392410941218e+01
2.450000000000000000e+04 4.404157094376379256e+00 1.939659971194579313e+01
2.460000000000000000e+04 4.493509158092120259e+00 2.019162455385775345e+01
2.470000000000000000e+04 4.494489970684553803e+00 2.020044009658403894e+01
2.480000000000000000e+04 4.439945638167537290e+00 1.971311726988294311e+01
2.490000000000000000e+04 4.390040457619456049e+00 1.927245521953564378e+01
2.500000000000000000e+04 4.405082098577221217e+00 1.940474829520549704e+01
2.510000000000000000e+04 4.448987339239445227e+00 1.979348834471288043e+01
2.520000000000000000e+04 4.477724173886463710e+00 2.005001377740721580e+01
2.530000000000000000e+04 4.421551444596052427e+00 1.955011717720943665e+01
2.540000000000000000e+04 4.400955882001388986e+00 1.936841267532262734e+01
2.550000000000000000e+04 4.353461617242206039e+00 1.895262805280112062e+01
2.560000000000000000e+04 4.323325626484380457e+00 1.869114447261656053e+01
2.570000000000000000e+04 4.261721844188437913e+00 1.816227307723289996e+01
2.580000000000000000e+04 4.215648824263551475e+00 1.777169500951466574e+01
2.590000000000000000e+04 4.156142204811724916e+00 1.727351802661726410e+01
2.600000000000000000e+04 4.241734305161735996e+00 1.799230991558591697e+01
2.610000000000000000e+04 4.274922211977094655e+00 1.827495991845513856e+01
2.620000000000000000e+04 4.203639319691413689e+00 1.767058353005569060e+01
2.630000000000000000e+04 4.208028745383129987e+00 1.770750592197071782e+01
2.640000000000000000e+04 4.229221582432333371e+00 1.788631519331144659e+01
2.650000000000000000e+04 4.301767811101794514e+00 1.850520630063152083e+01
2.660000000000000000e+04 4.393536910258187156e+00 1.930316658180105449e+01
2.670000000000000000e+04 4.452335754839525706e+00 1.982329367382245167e+01
2.680000000000000000e+04 4.493924783277817525e+00 2.019535995775857984e+01
2.690000000000000000e+04 4.575817098891956647e+00 2.093810212251200653e+01
2.700000000000000000e+04 4.572510524256577114e+00 2.090785249443716154e+01
2.710000000000000000e+04 4.591805518873124825e+00 2.108467792315368783e+01
2.720000000000000000e+04 4.528483793866842966e+00 2.050716547131463585e+01
2.730000000000000000e+04 4.491846366095979093e+00 2.017668377660965362e+01
2.740000000000000000e+04 4.476136352595294632e+00 2.003579664702510854e+01
2.750000000000000000e+04 4.436583247512887240e+00 1.968327091211200042e+01
2.760000000000000000e+04 4.404645652443130110e+00 1.940090332358617076e+01
2.770000000000000000e+04 4.372501653611766237e+00 1.911877071083763013e+01
2.780000000000000000e+04 4.425577079257241309e+00 1.958573248444705328e+01
2.790000000000000000e+04 4.457914012529122338e+00 1.987299734310350274e+01
2.800000000000000000e+04 4.446247016399603957e+00 1.976911253084237785e+01
2.810000000000000000e+04 4.410679823390809773e+00 1.945409650446678285e+01
2.820000000000000000e+04 4.367058326048797845e+00 1.907119842311212921e+01
2.830000000000000000e+04 4.358679605228141796e+00 1.899808790103174871e+01
2.840000000000000000e+04 4.394165484865683702e+00 1.930869030838486822e+01
2.850000000000000000e+04 4.478063868501829248e+00 2.005305601038156738e+01
2.860000000000000000e+04 4.502074941806300856e+00 2.026867878164020453e+01
2.870000000000000000e+04 4.492888786210431640e+00 2.018604964525544787e+01
2.880000000000000000e+04 4.515137361871745192e+00 2.038646539657014145e+01
2.890000000000000000e+04 4.555625652990881846e+00 2.075372509018860256e+01
2.900000000000000000e+04 4.570696841369516150e+00 2.089126961570527286e+01
2.910000000000000000e+04 4.680868274246330785e+00 2.191052780084581997e+01
2.920000000000000000e+04 4.699817370656852233e+00 2.208828331752788543e+01
2.930000000000000000e+04 4.699892208763090551e+00 2.208898677399200494e+01
2.940000000000000000e+04 4.721578415797020867e+00 2.229330273652030314e+01
2.950000000000000000e+04 4.687521630765808744e+00 2.197285903889735081e+01
2.960000000000000000e+04 4.666000910681286307e+00 2.177156449847859321e+01
2.970000000000000000e+04 4.679576579370692713e+00 2.189843696219471525e+01
2.980000000000000000e+04 4.648636484280256553e+00 2.160982116298150046e+01
2.990000000000000000e+04 4.645699327956235969e+00 2.158252224577302414e+01
3.000000000000000000e+04 4.660958144198744435e+00 2.172453082197260699e+01
3.010000000000000000e+04 4.696560024029083458e+00 2.205767605930806852e+01
3.020000000000000000e+04 4.662990607964854206e+00 2.174348140996843881e+01
3.030000000000000000e+04 4.630046850241856582e+00 2.143733383543453996e+01
3.040000000000000000e+04 4.641453666066678529e+00 2.154309213424381042e+01
3.050000000000000000e+04 4.631072464732463700e+00 2.144683217360321947e+01
3.060000000000000000e+04 4.650022290064701913e+00 2.162270729809857173e+01
3.070000000000000000e+04 4.586573541678400368e+00 2.103665685322434697e+01
3.080000000000000000e+04 4.568178960126540566e+00 2.086825901174280062e+01
3.090000000000000000e+04 4.535759369095997862e+00 2.057311305434212301e+01
3.100000000000000000e+04 4.519397278272022866e+00 2.042495175885256842e+01
3.110000000000000000e+04 4.477355008435154993e+00 2.004670787155937006e+01
3.120000000000000000e+04 4.443676022590739016e+00 1.974625659374784803e+01
3.130000000000000000e+04 4.427964876488023727e+00 1.960687294741159903e+01
3.140000000000000000e+04 4.433842073973396580e+00 1.965895553693670905e+01
3.150000000000000000e+04 4.475054676130249653e+00 2.002611435435521159e+01
3.160000000000000000e+04 4.515211869570319614e+00 2.038713822710870005e+01
3.170000000000000000e+04 4.544161202356573170e+00 2.064940103300273933e+01
3.180000000000000000e+04 4.544112423267020695e+00 2.064895771528967572e+01
3.190000000000000000e+04 4.526197240441270253e+00 2.048646145937816954e+01
3.200000000000000000e+04 4.597379007541595897e+00 2.113589373898414792e+01
3.210000000000000000e+04 4.682689309093700736e+00 2.192757916550043973e+01
3.220000000000000000e+04 4.802129556760787565e+00 2.306044827991555835e+01
3.230000000000000000e+04 4.782439611538530144e+00 2.287172863801280442e+01
3.240000000000000000e+04 4.738037239257136157e+00 2.244899688058738363e+01
3.250000000000000000e+04 4.669737608229060477e+00 2.180644932970886885e+01
3.260000000000000000e+04 4.650786583813129482e+00 2.162981584817619662e+01
3.270000000000000000e+04 4.645834247886634572e+00 2.158377585883636840e+01
3.280000000000000000e+04 4.649756992825718527e+00 2.162024009233166666e+01
3.290000000000000000e+04 4.703424052222741736e+00 2.212219781502739480e+01
3.300000000000000000e+04 4.650509627130660739e+00 2.162723979203495972e+01
3.310000000000000000e+04 4.671184546178265506e+00 2.181996506445464945e+01
3.320000000000000000e+04 4.695735692779132719e+00 2.204993369643992551e+01
3.330000000000000000e+04 4.691149665696221049e+00 2.200688518596176735e+01
3.340000000000000000e+04 4.747416378946006432e+00 2.253796227508480854e+01
3.350000000000000000e+04 4.790838038409999555e+00 2.295212911027617153e+01
3.360000000000000000e+04 4.797264476758221541e+00 2.301374645996633106e+01
3.370000000000000000e+04 4.750639100983342189e+00 2.256857186779181745e+01
3.380000000000000000e+04 4.677486944617566422e+00 2.187888411706777347e+01
3.390000000000000000e+04 4.725713381617644870e+00 2.233236696520007314e+01
3.400000000000000000e+04 4.732723356367189105e+00 2.239867036790350951e+01
3.410000000000000000e+04 4.719612569735729402e+00 2.227474280840749898e+01
3.420000000000000000e+04 4.729126836803399847e+00 2.236464063857413009e+01
3.430000000000000000e+04 4.729651734325394763e+00 2.236960552800721302e+01
3.440000000000000000e+04 4.751399759857394045e+00 2.257579967797289910e+01
3.450000000000000000e+04 4.758437821597091499e+00 2.264273050200567283e+01
3.460000000000000000e+04 4.764235172407161656e+00 2.269793677800149467e+01
3.470000000000000000e+04 4.763590254679920477e+00 2.269179211448151179e+01
3.480000000000000000e+04 4.740311180847290196e+00 2.247055009126583158e+01
3.490000000000000000e+04 4.728514502279192122e+00 2.235884939826463835e+01
3.500000000000000000e+04 4.764925219356933361e+00 2.270451234606371571e+01
3.510000000000000000e+04 4.733900436671475198e+00 2.240981334431838334e+01
3.520000000000000000e+04 4.665764615339895727e+00 2.176935944575784632e+01
3.530000000000000000e+04 4.655907193199076310e+00 2.167747179168289762e+01
3.540000000000000000e+04 4.667954650253228976e+00 2.178980061682074876e+01
3.550000000000000000e+04 4.650540569801688839e+00 2.162752759137141823e+01
3.560000000000000000e+04 4.658646719708445794e+00 2.170298925905026266e+01
3.570000000000000000e+04 4.636127366150704532e+00 2.149367695517146970e+01
3.580000000000000000e+04 4.647466412854725171e+00 2.159894405861276567e+01
3.590000000000000000e+04 4.725518887575117510e+00 2.233052875682917815e+01
3.600000000000000000e+04 4.659949084818697962e+00 2.171512547310262065e+01
3.610000000000000000e+04 4.655719207864793319e+00 2.167572134248118232e+01
3.620000000000000000e+04 4.683066348336389240e+00 2.193111042292072099e+01
3.630000000000000000e+04 4.733758858120648227e+00 2.240847292683569947e+01
3.640000000000000000e+04 4.721599192771329001e+00 2.229349893717886388e+01
3.650000000000000000e+04 4.792045468906990457e+00 2.296369977607201918e+01
3.660000000000000000e+04 4.800614115800676096e+00 2.304589588882470963e+01
3.670000000000000000e+04 4.784750719345375103e+00 2.289383944627608614e+01
3.680000000000000000e+04 4.816751244066859172e+00 2.320109254721963765e+01
3.690000000000000000e+04 4.839701495988371960e+00 2.342271057027208769e+01
3.700000000000000000e+04 4.836414632837549910e+00 2.339090650072516908e+01
3.710000000000000000e+04 4.848917413026391898e+00 2.351200007835055672e+01
3.720000000000000000e+04 4.843763923353181511e+00 2.346204894517780204e+01
3.730000000000000000e+04 4.788634687545561874e+00 2.293102217076458516e+01
3.740000000000000000e+04 4.763798133042518756e+00 2.269377265237939056e+01
3.750000000000000000e+04 4.703024484265823979e+00 2.211843929960381772e+01
3.760000000000000000e+04 4.746363270747790075e+00 2.252796429790366162e+01
3.770000000000000000e+04 4.720833804158987235e+00 2.228627180649021611e+01
3.780000000000000000e+04 4.739697961187010478e+00 2.246473676328030677e+01
3.790000000000000000e+04 4.794357847325353639e+00 2.298586716821019849e+01
3.800000000000000000e+04 4.790426400371504911e+00 2.294818509737629242e+01
3.810000000000000000e+04 4.794082730933459935e+00 2.298322923103442150e+01
3.820000000000000000e+04 4.751962994826778974e+00 2.258115230420309061e+01
3.830000000000000000e+04 4.737906510656475945e+00 2.244775810372102143e+01
3.840000000000000000e+04 4.801545700596522082e+00 2.305484111491694676e+01
3.850000000000000000e+04 4.777725692435384808e+00 2.282666279215717964e+01
3.860000000000000000e+04 4.656558470387222926e+00 2.168353678813499386e+01
3.870000000000000000e+04 4.627081350379984137e+00 2.140988182303426157e+01
3.880000000000000000e+04 4.665158712615819603e+00 2.176370581389528880e+01
3.890000000000000000e+04 4.734153409807906776e+00 2.241220850759582817e+01
3.900000000000000000e+04 4.748385940356396162e+00 2.254716903857429955e+01
3.910000000000000000e+04 4.750703191946166193e+00 2.256918081796749220e+01
3.920000000000000000e+04 4.774567347407892015e+00 2.279649335493363793e+01
3.930000000000000000e+04 4.782880626648641886e+00 2.287594708877090355e+01
3.940000000000000000e+04 4.838544390843250831e+00 2.341151182216068705e+01
3.950000000000000000e+04 4.747329343744003616e+00 2.253713589797287398e+01
3.960000000000000000e+04 4.682199101543194075e+00 2.192298842649189794e+01
3.970000000000000000e+04 4.643002675123936385e+00 2.155747384120802934e+01
3.980000000000000000e+04 4.618735588668703151e+00 2.133271843803483492e+01
3.990000000000000000e+04 4.634549802812381714e+00 2.147905187474828992e+01
4.000000000000000000e+04 4.698436327696714265e+00 2.207530392542018660e+01
4.010000000000000000e+04 4.650680834376039741e+00 2.162883222323261734e+01
4.020000000000000000e+04 4.664421072190556572e+00 2.175682393869530173e+01
4.030000000000000000e+04 4.680409291264946425e+00 2.190623113375924191e+01
4.040000000000000000e+04 4.709238371114338406e+00 2.217692603597562595e+01
4.050000000000000000e+04 4.714087908042952968e+00 2.222262480475678714e+01
4.060000000000000000e+04 4.681618137102754318e+00 2.191754838164946406e+01
4.070000000000000000e+04 4.671786277914637964e+00 2.182558702651150639e+01
4.080000000000000000e+04 4.674917947872049950e+00 2.185485781933621752e+01
4.090000000000000000e+04 4.713502986032366948e+00 2.221711039933603971e+01
4.100000000000000000e+04 4.706259885443511592e+00 2.214888210933477097e+01
4.110000000000000000e+04 4.756254386702141623e+00 2.262195579102336751e+01
4.120000000000000000e+04 4.729337930313056937e+00 2.236663725909778933e+01
4.130000000000000000e+04 4.651787995861599967e+00 2.163913155844207736e+01
4.140000000000000000e+04 4.657951304724621266e+00 2.169651035718580090e+01
4.150000000000000000e+04 4.650991856878501807e+00 2.163172525275013669e+01
4.160000000000000000e+04 4.667347925111558382e+00 2.178413665404316646e+01
4.170000000000000000e+04 4.622550806742481200e+00 2.136797596091556528e+01
4.180000000000000000e+04 4.617970752136109525e+00 2.132565386758454551e+01
4.190000000000000000e+04 4.613659372761384603e+00 2.128585280786897371e+01
4.200000000000000000e+04 4.568304666505775380e+00 2.086940752601844196e+01
4.210000000000000000e+04 4.516875524707444356e+00 2.040216450570115470e+01
4.220000000000000000e+04 4.518677771485834604e+00 2.041844880252019223e+01
4.230000000000000000e+04 4.558010203600487920e+00 2.077545701612616114e+01
4.240000000000000000e+04 4.585036338905732478e+00 2.102255822908607996e+01
4.250000000000000000e+04 4.657348125726064936e+00 2.169089156420409026e+01
4.260000000000000000e+04 4.664336524707719533e+00 2.175603521572248411e+01
4.270000000000000000e+04 4.664057334660254739e+00 2.175343082099811554e+01
4.280000000000000000e+04 4.636645932072014809e+00 2.149848549939996190e+01
4.290000000000000000e+04 4.658011770061256662e+00 2.169707365002919985e+01
4.300000000000000000e+04 4.633589799020369604e+00 2.147015442558562626e+01
4.310000000000000000e+04 4.624868926359129162e+00 2.138941258600224771e+01
4.320000000000000000e+04 4.680460732632885090e+00 2.190671266971835962e+01
4.330000000000000000e+04 4.727427315202698210e+00 2.234856902052459304e+01
4.340000000000000000e+04 4.689103408678223950e+00 2.198769077727774146e+01
4.350000000000000000e+04 4.659903003520980747e+00 2.171469600222385665e+01
4.360000000000000000e+04 4.658986690310650935e+00 2.170615698049179443e+01
4.370000000000000000e+04 4.716285849324664881e+00 2.224335221254007422e+01
4.380000000000000000e+04 4.732785006306656328e+00 2.239925391592109349e+01
4.390000000000000000e+04 4.721940651397089184e+00 2.229672351531636565e+01
4.400000000000000000e+04 4.737974885141291281e+00 2.244840601222963627e+01
4.410000000000000000e+04 4.721955214110455046e+00 2.229686104406491154e+01
4.420000000000000000e+04 4.723104368024675814e+00 2.230771487125377206e+01
4.430000000000000000e+04 4.737973746401668684e+00 2.244839522159146128e+01
4.440000000000000000e+04 4.727029849706592124e+00 2.234481120001712284e+01
4.450000000000000000e+04 4.730433833550742762e+00 2.237700425360158007e+01
4.460000000000000000e+04 4.722885092168779941e+00 2.230564359383010853e+01
4.470000000000000000e+04 4.745518106805005409e+00 2.251994210201416635e+01
4.480000000000000000e+04 4.775596751921872496e+00 2.280632433696673544e+01
4.490000000000000000e+04 4.752238321797730869e+00 2.258376906716291188e+01
4.500000000000000000e+04 4.672846741862656472e+00 2.183549667293644347e+01
4.510000000000000000e+04 4.676248951563631628e+00 2.186730425699996516e+01
4.520000000000000000e+04 4.675727877874737537e+00 2.186243118793499818e+01
4.530000000000000000e+04 4.664186724880385881e+00 2.175463780455042340e+01
4.540000000000000000e+04 4.645026328677210437e+00 2.157626959410448464e+01
4.550000000000000000e+04 4.650077718695300177e+00 2.162322278990648883e+01
4.560000000000000000e+04 4.700004114789535947e+00 2.209003867903857099e+01
4.570000000000000000e+04 4.681967167859321322e+00 2.192081656091263753e+01
4.580000000000000000e+04 4.669968662238680679e+00 2.180860730629133570e+01
4.590000000000000000e+04 4.716740488065838122e+00 2.224764083175956131e+01
4.600000000000000000e+04 4.790532774810849936e+00 2.294920426653694179e+01
4.610000000000000000e+04 4.734343194877109084e+00 2.241400548687919070e+01
4.620000000000000000e+04 4.671566839692747664e+00 2.182353673771688918e+01
4.630000000000000000e+04 4.740159375195787561e+00 2.246911090225652075e+01
4.640000000000000000e+04 4.750248033736176545e+00 2.256485638201441546e+01
4.650000000000000000e+04 4.748248877371341159e+00 2.254586740145819945e+01
4.660000000000000000e+04 4.770613415620561959e+00 2.275875236129888179e+01
4.670000000000000000e+04 4.739229570405633751e+00 2.246029692100716701e+01
4.680000000000000000e+04 4.692867842316071680e+00 2.202300858544430184e+01
4.690000000000000000e+04 4.717554194287105318e+00 2.225531757603585703e+01
4.700000000000000000e+04 4.790101701081200147e+00 2.294507430670100945e+01
4.710000000000000000e+04 4.761730599613704484e+00 2.267407830329749174e+01
4.720000000000000000e+04 4.768664291819485257e+00 2.274015912807422879e+01
4.730000000000000000e+04 4.770150574035393554e+00 2.275433649897019350e+01
4.740000000000000000e+04 4.783647858027239685e+00 2.288328682960860050e+01
4.750000000000000000e+04 4.823583625431665745e+00 2.326695899153249414e+01
4.760000000000000000e+04 4.863880195301706344e+00 2.365733055424816556e+01
4.770000000000000000e+04 4.924075910812417689e+00 2.424652357544313830e+01
4.780000000000000000e+04 4.896653279793235392e+00 2.397721334250985237e+01
4.790000000000000000e+04 4.984345363176689858e+00 2.484369869942096898e+01
4.800000000000000000e+04 4.989976219995098994e+00 2.489986267611657667e+01
4.810000000000000000e+04 4.926565843500346098e+00 2.427105101034427648e+01
4.820000000000000000e+04 4.923493243833828359e+00 2.424078572207735149e+01
4.830000000000000000e+04 4.957775942794696356e+00 2.457954229895383591e+01
4.840000000000000000e+04 4.933178595497077268e+00 2.433625105507051956e+01
4.850000000000000000e+04 4.927968178503777885e+00 2.428487036834584600e+01
4.860000000000000000e+04 4.905132669251969446e+00 2.406032650296295117e+01
4.870000000000000000e+04 4.910122175663864219e+00 2.410929977994604201e+01
4.880000000000000000e+04 4.892880409654227769e+00 2.394027870317812301e+01
4.890000000000000000e+04 4.891705740174923100e+00 2.392878504846029131e+01
4.900000000000000000e+04 4.876954385682045867e+00 2.378468408002334300e+01
4.910000000000000000e+04 4.881012385598793024e+00 2.382428190836881754e+01
4.920000000000000000e+04 4.962839439195369629e+00 2.462977529923300679e+01
4.930000000000000000e+04 4.957996686333191683e+00 2.458173114169091278e+01
4.940000000000000000e+04 4.975499966078317904e+00 2.475559991244534430e+01
4.950000000000000000e+04 5.035566790955224192e+00 2.535693290617109596e+01
4.960000000000000000e+04 5.065370519730195475e+00 2.565797850215174947e+01
4.970000000000000000e+04 5.103010856098347148e+00 2.604071979745758370e+01
4.980000000000000000e+04 5.128153493922757100e+00 2.629795825723218172e+01
4.990000000000000000e+04 5.118583691250553791e+00 2.619989900433614238e+01
5.000000000000000000e+04 5.152950915360089645e+00 2.655290313611038755e+01
